NLL: 0.24314589575099732
CE: 0.06487695749440715