NLL: 0.23485807817787666
CE: 0.06711409395973154